              precision    recall  f1-score   support

           0       0.95      0.92      0.94      2961
           1       0.98      0.96      0.97      3423
           2       0.87      0.77      0.82      2948
           3       0.94      0.88      0.91      3073
           4       0.74      0.86      0.79      2926
           5       0.76      0.94      0.84      2709
           6       0.95      0.85      0.90      2975
           7       0.82      0.89      0.85      3107
           8       0.81      0.85      0.83      2875
           9       0.95      0.79      0.86      3003

    accuracy                           0.87     30000
   macro avg       0.88      0.87      0.87     30000
weighted avg       0.88      0.87      0.87     30000
