              precision    recall  f1-score   support

           0       0.98      0.98      0.98       460
           1       0.96      0.99      0.97       571
           2       0.89      0.96      0.92       530
           3       0.94      0.98      0.96       500
           4       0.95      0.96      0.96       500
           5       0.98      0.94      0.96       456
           6       0.96      0.98      0.97       462
           7       0.95      0.91      0.93       512
           8       0.98      0.90      0.94       489
           9       0.96      0.94      0.95       520

    accuracy                           0.95      5000
   macro avg       0.95      0.95      0.95      5000
weighted avg       0.95      0.95      0.95      5000
