              precision    recall  f1-score   support

           0       0.96      0.94      0.95      2961
           1       0.98      0.94      0.96      3423
           2       0.88      0.80      0.84      2948
           3       0.92      0.91      0.91      3073
           4       0.76      0.86      0.81      2926
           5       0.78      0.96      0.86      2709
           6       0.96      0.87      0.91      2975
           7       0.79      0.90      0.84      3107
           8       0.88      0.83      0.85      2875
           9       0.96      0.80      0.87      3003

    accuracy                           0.88     30000
   macro avg       0.89      0.88      0.88     30000
weighted avg       0.89      0.88      0.88     30000
