              precision    recall  f1-score   support

           0       0.92      0.91      0.91      2961
           1       0.96      0.93      0.94      3423
           2       0.82      0.74      0.78      2948
           3       0.92      0.86      0.89      3073
           4       0.67      0.80      0.73      2926
           5       0.70      0.90      0.79      2709
           6       0.94      0.77      0.85      2975
           7       0.75      0.82      0.78      3107
           8       0.81      0.80      0.81      2875
           9       0.92      0.78      0.85      3003

    accuracy                           0.83     30000
   macro avg       0.84      0.83      0.83     30000
weighted avg       0.84      0.83      0.84     30000
