              precision    recall  f1-score   support

           0       0.01      0.00      0.00       460
           1       0.01      0.00      0.00       571
           2       0.16      0.55      0.25       530
           3       0.00      0.00      0.00       500
           4       0.22      0.08      0.12       500
           5       0.00      0.00      0.00       456
           6       0.01      0.03      0.01       462
           7       0.10      0.02      0.04       512
           8       0.11      0.19      0.14       489
           9       0.14      0.12      0.13       520

    accuracy                           0.10      5000
   macro avg       0.08      0.10      0.07      5000
weighted avg       0.08      0.10      0.07      5000
