              precision    recall  f1-score   support

           0       0.32      0.14      0.19       460
           1       0.00      0.00      0.00       571
           2       0.02      0.00      0.01       530
           3       0.19      0.18      0.19       500
           4       0.17      0.21      0.19       500
           5       0.04      0.07      0.05       456
           6       0.11      0.39      0.17       462
           7       0.04      0.09      0.06       512
           8       0.14      0.00      0.00       489
           9       0.01      0.00      0.00       520

    accuracy                           0.10      5000
   macro avg       0.10      0.11      0.09      5000
weighted avg       0.10      0.10      0.08      5000
