              precision    recall  f1-score   support

           0       0.01      0.00      0.00       460
           1       0.44      0.07      0.13       571
           2       0.18      0.15      0.17       530
           3       0.10      0.34      0.16       500
           4       0.00      0.00      0.00       500
           5       0.15      0.37      0.21       456
           6       0.04      0.02      0.03       462
           7       0.00      0.00      0.00       512
           8       0.00      0.00      0.00       489
           9       0.16      0.34      0.21       520

    accuracy                           0.13      5000
   macro avg       0.11      0.13      0.09      5000
weighted avg       0.11      0.13      0.09      5000
