              precision    recall  f1-score   support

           0       0.10      0.62      0.18       460
           1       0.01      0.00      0.00       571
           2       0.02      0.02      0.02       530
           3       0.10      0.09      0.09       500
           4       0.18      0.19      0.18       500
           5       0.10      0.08      0.09       456
           6       0.08      0.00      0.00       462
           7       1.00      0.00      0.00       512
           8       0.00      0.00      0.00       489
           9       0.19      0.01      0.01       520

    accuracy                           0.10      5000
   macro avg       0.18      0.10      0.06      5000
weighted avg       0.18      0.10      0.06      5000
